-7.497350120088742
-7.299787903763654
-7.09911065763977
-6.916695152153136
-6.881594292743842
-6.74403082784381
-6.662054934915811
-6.574975022991364
-6.445570769106159
-6.39792824768719
-6.342730989540179
-6.262281580311485
-6.192583493046164
-6.106293629709807
-6.008814181194885
-5.993831421106186
-5.913671896352802
-5.857735811839024
-5.820637111598587
-5.736800748777768
-5.723918614449162
-5.632818697241405
-5.60045359405672
-5.5537785087943226
-5.504646406235935
-5.445355863502219
-5.395257112616083
-5.305098252061155
-5.279889556688562
-5.27675209528934
-5.2551675238659135
-5.177895508954483
-5.162632092232833
-5.123921720621749
-5.1060906713686744
-5.058069943839704
-5.015989829215167
-4.994575365412062
-4.94494890046163
-4.898885197441304
-4.832882276572136
-4.821899983821102
-4.809358701154496
-4.756880394052433
-4.736932730148388
-4.687159459720513
-4.665107164956914
-4.641423143808865
-4.6182085490331914
-4.583434832312639
-4.562186420363442
-4.506941277916981
-4.479810714293078
-4.447796087177197
-4.390224167808388
-4.369941635603355
-4.34532646529894
-4.324420194204984
-4.3157775846397195
-4.282164744211564
-4.263639287366532
-4.217103379636491
-4.214664914703302
-4.171113852594166
-4.157205732835809
-4.1345055206152885
-4.115732941551691
-4.100071346630885
-4.032158072346119
-4.023390236524179
-4.011373764621827
-4.001429087991597
-3.9925149038288863
-3.9467814570289765
-3.926387688700182
-3.897855723747192
-3.8880157990643274
-3.8663524004687666
-3.839483902184473
-3.8254518656103182
-3.8050448233974365
-3.7574318409913907
-3.754185756631283
-3.7481121177575334
-3.7158090322203745
-3.6890861319907673
-3.685639099630554
-3.6634258520985017
-3.651012787875856
-3.625968935903701
-3.6065371748240236
-3.5915884947756838
-3.556793997771565
-3.536251033687282
-3.5126693883470654
-3.4958665523663934
-3.486867546166692
-3.464664681633545
-3.447731370383032
-3.4106640757840037
-3.3969027458943213
-3.367183017390883
-3.360190237497486
-3.351256910591644
-3.3392354595032194
-3.3292972260451497
-3.312552921514055
-3.2983418419296466
-3.2709053522868174
-3.257810237880519
-3.2562902786775787
-3.2269464444059532
-3.2140055272873704
-3.187623966212593
-3.1558875459268076
-3.1453203273133052
-3.125248708455571
-3.1084920235874756
-3.0987028153979903
-3.076146430393982
-3.070208774284304
-3.0485632082192287
-3.033614181692554
-3.011935697609015
-2.997717920993938
-2.9907699043985354
-2.963721494619957
-2.9512172795144744
-2.945691983270643
-2.931044031606415
-2.909169622676305
-2.881711142900705
-2.8746959707970623
-2.867398822515376
-2.855452879852065
-2.815668796757156
-2.7972852794221814
-2.792474511065563
-2.771441757293465
-2.751941107745691
-2.7449298653235
-2.7102510897946828
-2.7086153403022313
-2.6966323837584114
-2.66821455587688
-2.656907222919828
-2.648110219552388
-2.639408735228005
-2.61291528861158
-2.600740996563043
-2.587925235942668
-2.578998150917675
-2.5614289299864166
-2.5579763784005567
-2.5305773788412864
-2.507540293960959
-2.495928229792933
-2.4862597252270255
-2.477382309333568
-2.45018077687739
-2.4294684156907747
-2.4236283123769042
-2.4142701177614323
-2.4029408136559094
-2.3895977783816447
-2.3637991014072672
-2.35576865551308
-2.340659757998555
-2.327450773414827
-2.3075141177179384
-2.3011172643587017
-2.2842550712050036
-2.2628187856565787
-2.2480631867237855
-2.2451263097665315
-2.2308913103870287
-2.210831672567746
-2.2013383826278923
-2.1784107647431603
-2.1568725330327814
-2.1545663144845615
-2.135570189350556
-2.1329792777231695
-2.1293938755558637
-2.1030997911887708
-2.0913210384493435
-2.0798252551850314
-2.0482941845149423
-2.0342510603194595
-2.023714926701693
-2.0192779104690493
-2.0165609902066826
-1.989584404822112
-1.983354935766692
-1.963548950963827
-1.9538320999001724
-1.9443778102382308
-1.9195405111315964
-1.9093779645556395
-1.8917257406365202
-1.8734489003939434
-1.8581996242607586
-1.8455669725275243
-1.8270098541285749
-1.8217513406010517
-1.8140967070944298
-1.8098706218100713
-1.795639200440733
-1.763149973601844
-1.7565959722796045
-1.7430064098923195
-1.7367549490443726
-1.728111625614134
-1.7155814418052007
-1.7056065318031728
-1.6976811027279461
-1.6863187749929147
-1.6608740521290273
-1.6425597283184046
-1.6290070420020615
-1.6140834322781814
-1.5977870023226888
-1.5895759075841367
-1.5752067111404695
-1.5645830888683347
-1.5513536433426496
-1.5471449732255529
-1.5231912105508723
-1.5206433550667018
-1.5142745840009897
-1.5045802516685616
-1.4873743094024696
-1.4739759392217568
-1.4660500850746476
-1.45285710442926
-1.4410342037244546
-1.4260390124184616
-1.4086928049932184
-1.4017013574243484
-1.381102729810126
-1.3775227485075812
-1.3635253390229842
-1.346764489813618
-1.3300496020409223
-1.3133413662931757
-1.302909046570048
-1.2916882820103908
-1.2670340088138532
-1.2603778556988425
-1.2441585320232758
-1.2404799481252453
-1.2315945060757376
-1.2192157170278963
-1.2012011155275057
-1.195266014613773
-1.1867301986078502
-1.1701078131341558
-1.1537261423866432
-1.1375731939474767
-1.12962914354797
-1.104048544065102
-1.0947969415000816
-1.0878834470271668
-1.071703195441479
-1.0619208163882674
-1.049828497285092
-1.041327829618072
-1.0320010425275097
-1.016504155160344
-1.002962790621185
-0.9957961238019818
-0.9822048660232668
-0.9703891772576049
-0.9604082599176977
-0.9536293639106863
-0.9414167764488939
-0.9327877103005447
-0.922205540860168
-0.9105917437793023
-0.9026405965029525
-0.878321595916958
-0.8716637763869609
-0.8527252082803709
-0.8453722969798388
-0.8295558132718962
-0.8233693837150774
-0.8199051387517281
-0.8051561557480809
-0.7767204115189009
-0.7682551779269372
-0.7573128288034974
-0.7480549169278502
-0.7414851106874106
-0.7343794915731066
-0.7162567549025411
-0.6999177094062403
-0.6908190895863128
-0.6827881225623949
-0.6638533347866549
-0.6603614225595424
-0.64568321448933
-0.6441043226011088
-0.6219906920066669
-0.5993330715051182
-0.590715981722481
-0.5830789556713908
-0.5818803445851175
-0.5539122780196094
-0.5521515515349359
-0.5416074866820206
-0.5363095129079981
-0.5260124168534889
-0.5143651439206074
-0.5071278624960776
-0.49631441692591943
-0.4880338208686837
-0.4710211002806148
-0.45908949054420783
-0.4464352668547405
-0.43383046009448334
-0.4207760111947018
-0.40915581236059595
-0.40029784093944454
-0.38788486283169
-0.3772338210774408
-0.3641016566908084
-0.35293940907820165
-0.3451612965383192
-0.3275303099343875
-0.3197582357076768
-0.30122093764252855
-0.2903247465772708
-0.27705839352747924
-0.26361286425867864
-0.2554881852168006
-0.24447824386053882
-0.2336525770105116
-0.2230545775718432
-0.20862799945766697
-0.18615393822487247
-0.17040298617865296
-0.16459587349943194
-0.1623033446679128
-0.1466169713897329
-0.13435964529963726
-0.12838545917937877
-0.12039436414676531
-0.08304294797105888
-0.06369252554870096
-0.05663754923762187
-1.1415619211360494e-15
-1.0167022413806475e-15
-5.854012902380425e-16
-4.82918594731265e-16
-4.622589350122085e-16
-4.1932256423038317e-16
-1.9673261304897668e-16
1.1288589332205602e-16
1.9431509272486208e-16
2.1140724336440868e-16
3.5247334315798274e-16
5.523366424045682e-16
7.876401448957706e-16
1.1129705072192731e-15
1.3272773868578655e-15
0.05663754923762163
0.06369252554870168
0.08304294797105943
0.1203943641467659
0.12838545917937894
0.13435964529963762
0.14661697138973354
0.16230334466791257
0.1645958734994321
0.1704029861786533
0.18615393822487297
0.2086279994576672
0.2230545775718432
0.23365257701051215
0.24447824386053923
0.25548818521680094
0.2636128642586793
0.2770583935274788
0.290324746577271
0.30122093764252866
0.3197582357076776
0.32753030993438725
0.34516129653831895
0.35293940907820187
0.36410165669080896
0.3772338210774413
0.3878848628316905
0.4002978409394447
0.40915581236059617
0.4207760111947017
0.4338304600944833
0.44643526685474066
0.4590894905442085
0.4710211002806157
0.4880338208686836
0.49631441692591965
0.5071278624960779
0.5143651439206076
0.5260124168534888
0.5363095129079986
0.5416074866820215
0.5521515515349358
0.5539122780196097
0.5818803445851175
0.5830789556713907
0.5907159817224817
0.5993330715051187
0.6219906920066669
0.6441043226011093
0.6456832144893297
0.6603614225595429
0.6638533347866554
0.6827881225623955
0.6908190895863128
0.6999177094062404
0.7162567549025413
0.7343794915731062
0.7414851106874101
0.74805491692785
0.7573128288034974
0.7682551779269372
0.7767204115189013
0.8051561557480812
0.8199051387517281
0.823369383715077
0.8295558132718962
0.8453722969798388
0.852725208280371
0.871663776386961
0.8783215959169577
0.9026405965029531
0.9105917437793021
0.9222055408601685
0.9327877103005449
0.9414167764488937
0.9536293639106859
0.9604082599176977
0.9703891772576049
0.9822048660232666
0.9957961238019821
1.002962790621185
1.016504155160344
1.0320010425275097
1.0413278296180717
1.049828497285092
1.061920816388267
1.0717031954414784
1.0878834470271668
1.0947969415000813
1.1040485440651016
1.1296291435479697
1.1375731939474762
1.1537261423866432
1.1701078131341554
1.18673019860785
1.1952660146137726
1.2012011155275062
1.2192157170278966
1.2315945060757376
1.2404799481252458
1.244158532023276
1.2603778556988423
1.2670340088138534
1.2916882820103908
1.3029090465700477
1.3133413662931754
1.3300496020409223
1.3467644898136184
1.3635253390229842
1.3775227485075812
1.3811027298101253
1.4017013574243482
1.4086928049932181
1.4260390124184619
1.441034203724454
1.4528571044292604
1.4660500850746474
1.473975939221757
1.4873743094024696
1.5045802516685622
1.5142745840009892
1.5206433550667011
1.5231912105508725
1.5471449732255529
1.5513536433426491
1.5645830888683347
1.575206711140469
1.5895759075841365
1.597787002322689
1.6140834322781814
1.6290070420020606
1.6425597283184048
1.6608740521290273
1.6863187749929145
1.6976811027279457
1.7056065318031728
1.7155814418052002
1.7281116256141333
1.7367549490443726
1.7430064098923193
1.7565959722796036
1.763149973601844
1.795639200440733
1.809870621810071
1.8140967070944298
1.8217513406010513
1.827009854128574
1.845566972527524
1.8581996242607586
1.8734489003939434
1.8917257406365202
1.90937796455564
1.9195405111315964
1.9443778102382299
1.953832099900172
1.9635489509638262
1.983354935766692
1.989584404822112
2.0165609902066826
2.01927791046905
2.023714926701693
2.034251060319459
2.0482941845149423
2.0798252551850314
2.091321038449344
2.1030997911887703
2.129393875555864
2.1329792777231695
2.1355701893505565
2.1545663144845615
2.156872533032781
2.1784107647431608
2.2013383826278923
2.2108316725677457
2.2308913103870283
2.2451263097665315
2.248063186723786
2.2628187856565787
2.2842550712050036
2.301117264358701
2.3075141177179375
2.3274507734148275
2.3406597579985546
2.35576865551308
2.363799101407267
2.3895977783816447
2.4029408136559094
2.4142701177614323
2.4236283123769033
2.4294684156907747
2.45018077687739
2.477382309333568
2.4862597252270264
2.4959282297929333
2.5075402939609597
2.530577378841286
2.5579763784005562
2.5614289299864157
2.578998150917675
2.587925235942668
2.600740996563043
2.61291528861158
2.639408735228006
2.6481102195523882
2.6569072229198283
2.66821455587688
2.6966323837584105
2.7086153403022317
2.7102510897946828
2.7449298653235004
2.7519411077456906
2.771441757293465
2.7924745110655635
2.797285279422181
2.8156687967571563
2.855452879852064
2.8673988225153755
2.8746959707970614
2.8817111429007047
2.909169622676305
2.9310440316064144
2.945691983270643
2.951217279514474
2.963721494619957
2.990769904398535
2.9977179209939377
3.011935697609015
3.0336141816925535
3.048563208219228
3.070208774284303
3.0761464303939814
3.098702815397991
3.1084920235874756
3.125248708455571
3.145320327313305
3.155887545926807
3.1876239662125925
3.214005527287371
3.2269464444059537
3.256290278677578
3.2578102378805203
3.2709053522868174
3.2983418419296457
3.312552921514055
3.329297226045149
3.339235459503219
3.3512569105916445
3.3601902374974855
3.3671830173908823
3.3969027458943213
3.4106640757840037
3.4477313703830315
3.4646646816335447
3.4868675461666934
3.4958665523663943
3.512669388347065
3.5362510336872814
3.556793997771564
3.591588494775684
3.6065371748240236
3.6259689359037006
3.6510127878758554
3.6634258520985017
3.685639099630554
3.6890861319907673
3.7158090322203736
3.7481121177575325
3.754185756631285
3.7574318409913903
3.8050448233974365
3.8254518656103174
3.839483902184472
3.866352400468765
3.8880157990643265
3.897855723747192
3.9263876887001827
3.9467814570289765
3.9925149038288863
4.001429087991598
4.011373764621827
4.023390236524179
4.032158072346119
4.100071346630885
4.115732941551691
4.134505520615288
4.157205732835809
4.171113852594166
4.214664914703303
4.217103379636491
4.263639287366532
4.282164744211563
4.3157775846397195
4.324420194204985
4.345326465298939
4.369941635603354
4.390224167808388
4.447796087177196
4.479810714293077
4.5069412779169795
4.562186420363443
4.58343483231264
4.6182085490331914
4.641423143808864
4.665107164956914
4.687159459720513
4.736932730148387
4.756880394052433
4.809358701154496
4.821899983821103
4.832882276572136
4.898885197441304
4.94494890046163
4.994575365412062
5.015989829215168
5.058069943839705
5.1060906713686744
5.123921720621749
5.162632092232832
5.177895508954484
5.2551675238659135
5.27675209528934
5.279889556688562
5.305098252061155
5.395257112616084
5.445355863502218
5.504646406235934
5.553778508794326
5.600453594056719
5.632818697241404
5.723918614449162
5.736800748777767
5.820637111598583
5.857735811839024
5.9136718963528
5.993831421106186
6.008814181194887
6.106293629709805
6.192583493046162
6.262281580311484
6.3427309895401764
6.397928247687189
6.44557076910616
6.574975022991364
6.66205493491581
6.744030827843811
6.881594292743842
6.916695152153135
7.099110657639767
7.299787903763656
7.497350120088751
