-7.675943788915982
-7.439464907349349
-7.2029860257827165
-7.066679309577554
-6.9665071442160835
-6.830200428010924
-6.730028262649449
-6.59372154644429
-6.587787867690757
-6.457414830239132
-6.357242664877657
-6.351308986124122
-6.220935948672498
-6.114830104557492
-6.041587518233551
-5.984457067105865
-5.978523388352331
-5.878351222990861
-5.848150350900706
-5.8051086366669225
-5.7420445067857
-5.611671469334072
-5.568629755100291
-5.505565625219068
-5.499631946465537
-5.472328165140416
-5.432323038895132
-5.369258909013907
-5.332150873533658
-5.263153064898903
-5.238885871562281
-5.23584928357378
-5.195844157328498
-5.132780027447276
-5.026674183332271
-4.999370402007151
-4.959365275761865
-4.953431597008337
-4.9261278156832145
-4.89036746712711
-4.86306368580199
-4.823058559556705
-4.76289152044052
-4.7599944296754835
-4.7169527154417015
-4.689648934116579
-4.653888585560478
-4.626584804235358
-4.586579677990073
-4.480473833875068
-4.453170052549947
-4.447236373796414
-4.411476025240314
-4.40723124755113
-4.390105922668726
-4.384172243915192
-4.344167117669908
-4.316863336344786
-4.281102987788685
-4.253799206463566
-4.216691170983314
-4.213794080218281
-4.210757492229779
-4.174997143673681
-4.170752365984498
-4.1476933623485595
-4.107688236103276
-4.080384454778156
-4.074450776024623
-4.017320324896932
-3.97427861066315
-3.934273484417866
-3.9112144807819287
-3.8652756757831113
-3.843905573211522
-3.837971894457991
-3.837971894457991
-3.83797189445799
-3.8379718944579886
-3.837971894457988
-3.802211545901889
-3.7979667682127047
-3.7749077645767684
-3.7377997290965164
-3.7349026383314836
-3.7075988570063623
-3.6445347271251407
-3.628796794216479
-3.6014930128913605
-3.6014930128913583
-3.601493012891358
-3.6014930128913565
-3.601493012891355
-3.5614878866460735
-3.5384288830101362
-3.4711199754397306
-3.4651862966861975
-3.3650141313247253
-3.365014131324725
-3.365014131324725
-3.3650141313247235
-3.365014131324722
-3.359080452571193
-3.323320104015092
-3.319075326325909
-3.296016322689971
-3.291771545000787
-3.2687125413648492
-3.2560111964446863
-3.228707415119566
-3.2287074151195654
-3.228707415119565
-3.2287074151195636
-3.228707415119563
-3.188702288874281
-3.1656432852383443
-3.1285352497580936
-3.1226015710045605
-3.098334377667939
-3.082596444759276
-3.059537441123339
-3.0552926634341557
-3.032233659798217
-2.992228533552935
-2.9922285335529346
-2.9922285335529333
-2.9922285335529333
-2.9922285335529324
-2.9862948547993993
-2.886122689437927
-2.855921817347774
-2.8188137818675223
-2.81288010311399
-2.795754778231584
-2.7771197545578894
-2.7728749768687058
-2.7557496519863003
-2.7498159732327685
-2.749815973232768
-2.7498159732327676
-2.749815973232767
-2.7498159732327667
-2.7225121919076467
-2.709810846987484
-2.686751843351546
-2.682507065662362
-2.6594480620264256
-2.6194429357811426
-2.6194429357811417
-2.6194429357811404
-2.6194429357811404
-2.61944293578114
-2.5764012215473575
-2.5363960953020737
-2.513337091666136
-2.5133370916661355
-2.513337091666135
-2.513337091666134
-2.513337091666134
-2.4860333103410146
-2.4460281840957308
-2.440094505342198
-2.422969180459793
-2.3829640542145083
-2.377030375460976
-2.3399223399807254
-2.276858210099503
-2.2709245313459703
-2.249554428774382
-2.246657338009349
-2.2436207500208494
-2.230919405100687
-2.2078604014647487
-2.2036156237755655
-2.203615623775565
-2.2036156237755646
-2.2036156237755646
-2.203615623775564
-2.1805566201396274
-2.1763118424504437
-2.1636104975302817
-2.1405514938943435
-2.1405514938943435
-2.1405514938943426
-2.1405514938943426
-2.140551493894342
-2.113247712569222
-2.073242586323938
-2.050183582688
-2.034445649779338
-2.010178456442715
-2.007141868454217
-1.967136742208934
-1.9671367422089339
-1.9671367422089336
-1.9671367422089332
-1.9671367422089316
-1.9440777385729953
-1.9398329608838114
-1.9040726123277107
-1.8981389335741783
-1.876768831002591
-1.8708351522490574
-1.8308300260037726
-1.7706629868875852
-1.7677658961225515
-1.7306578606423006
-1.7247241818887689
-1.7033540793171793
-1.6974204005636466
-1.6847190556434841
-1.6616600520075464
-1.6616600520075462
-1.6616600520075457
-1.6616600520075453
-1.6616600520075449
-1.6574152743183623
-1.6343562706824248
-1.6343562706824248
-1.6343562706824244
-1.634356270682424
-1.634356270682424
-1.5943511444371412
-1.59435114443714
-1.5943511444371394
-1.5943511444371394
-1.5943511444371385
-1.5712921408012033
-1.5670473631120199
-1.5312870145559185
-1.5039832332307976
-1.4882453003221356
-1.460941518997015
-1.4251811704409134
-1.420936392751731
-1.397877389115793
-1.3978773891157925
-1.3978773891157914
-1.3978773891157912
-1.397877389115791
-1.3578722628705082
-1.3519385841169758
-1.3305684815453873
-1.324634802791855
-1.288874454235754
-1.2615706729106326
-1.2244626374303818
-1.2215655466653483
-1.2185289586768489
-1.1827686101207482
-1.1785238324315654
-1.1613985075491602
-1.155464828795627
-1.1385187061862811
-1.1154597025503432
-1.115459702550343
-1.115459702550343
-1.1154597025503428
-1.1154597025503425
-1.092400698914405
-1.0881559212252239
-1.0881559212252228
-1.0881559212252228
-1.0881559212252225
-1.088155921225222
-1.0650969175892848
-1.0523955726691223
-1.0481507949799385
-1.0250917913440007
-1.0250917913440005
-1.0250917913440003
-1.025091791344
-1.0250917913439999
-0.9850866650987161
-0.9820500771102172
-0.9577828837735946
-0.942044950864933
-0.9189859472289947
-0.8789808209837108
-0.8516770396585904
-0.8516770396585901
-0.8516770396585899
-0.8516770396585898
-0.8516770396585892
-0.845743360905057
-0.8286180360226514
-0.8099830123489562
-0.8057382346597727
-0.7886129097773675
-0.7826792310238351
-0.745571195543584
-0.7426741047785508
-0.7153703234534303
-0.6523061935722075
-0.6365682606635465
-0.6151981580919568
-0.6092644793384255
-0.6092644793384254
-0.6092644793384253
-0.6092644793384248
-0.6092644793384243
-0.5735041307823233
-0.5692593530931407
-0.5692593530931407
-0.5692593530931405
-0.5692593530931402
-0.5692593530931399
-0.546200349457203
-0.5462003494572027
-0.5462003494572024
-0.5462003494572019
-0.5462003494572019
-0.5419555717680192
-0.5188965681320813
-0.5061952232119181
-0.47889144188679866
-0.47889144188679766
-0.4788914418867976
-0.4788914418867975
-0.47889144188679733
-0.4729577631332657
-0.45583243825085945
-0.41582731200557566
-0.3727855977717939
-0.3727855977717926
-0.3727855977717926
-0.3727855977717922
-0.37278559777179177
-0.3327804715265085
-0.30972146789057
-0.30547669020138696
-0.282417686565449
-0.2637826628917539
-0.24241256032016484
-0.236478881566633
-0.23647888156663283
-0.2364788815666327
-0.23647888156663266
-0.23647888156663247
-0.19647375532134845
-0.17341475168541107
-0.13630671620516008
-0.13037303745162765
-0.10610584411500547
-0.09036791120634381
-0.06730890757040577
-0.06306412988122219
-0.04000512624528413
-0.027303781325120718
-0.02305900363593843
-1.0057647024500207e-15
-8.26061071256555e-16
-6.832344500708714e-16
-6.051502105976952e-16
-2.590604411466799e-16
-9.05302889556914e-17
8.882047850921328e-17
1.1926715433666425e-16
2.021331916945667e-16
2.4212120824386503e-16
2.680076162844987e-16
3.7719679246710483e-16
3.9841616668709626e-16
6.712046822583343e-16
9.305129890960067e-16
0.023059003635938075
0.027303781325121193
0.040005126245284066
0.0630641298812221
0.06730890757040496
0.09036791120634352
0.10610584411500489
0.13037303745162707
0.1363067162051595
0.17341475168541048
0.19647375532134864
0.23647888156663258
0.2364788815666326
0.23647888156663263
0.2364788815666329
0.23647888156663321
0.2424125603201654
0.2637826628917536
0.28241768656544863
0.3054766902013869
0.30972146789057037
0.33278047152650797
0.37278559777179204
0.3727855977717924
0.37278559777179243
0.37278559777179276
0.372785597771793
0.4158273120055754
0.4558324382508592
0.4729577631332634
0.47889144188679594
0.4788914418867971
0.4788914418867975
0.47889144188679794
0.47889144188679833
0.5061952232119183
0.5188965681320811
0.5419555717680196
0.5462003494572014
0.5462003494572022
0.5462003494572022
0.5462003494572022
0.5462003494572024
0.5692593530931398
0.56925935309314
0.5692593530931401
0.5692593530931405
0.5692593530931407
0.5735041307823231
0.6092644793384243
0.6092644793384245
0.6092644793384249
0.609264479338425
0.6092644793384256
0.6151981580919574
0.6365682606635462
0.6523061935722078
0.7153703234534294
0.7426741047785512
0.745571195543584
0.7826792310238349
0.7886129097773678
0.8057382346597722
0.809983012348956
0.8286180360226515
0.8457433609050565
0.8516770396585891
0.8516770396585895
0.8516770396585902
0.8516770396585908
0.8516770396585911
0.8789808209837103
0.9189859472289945
0.9420449508649327
0.9577828837735941
0.9820500771102174
0.9850866650987155
1.0250917913439999
1.0250917913440003
1.0250917913440003
1.0250917913440005
1.0250917913440012
1.0481507949799382
1.052395572669121
1.065096917589284
1.088155921225221
1.0881559212252212
1.0881559212252216
1.0881559212252219
1.0881559212252219
1.0924006989144046
1.1154597025503425
1.115459702550343
1.1154597025503432
1.1154597025503434
1.1154597025503445
1.138518706186281
1.155464828795627
1.1613985075491597
1.1785238324315652
1.1827686101207484
1.2185289586768489
1.2215655466653481
1.2244626374303818
1.2615706729106326
1.2888744542357533
1.3246348027918542
1.3305684815453866
1.3519385841169755
1.357872262870508
1.39787738911579
1.3978773891157905
1.3978773891157914
1.397877389115792
1.3978773891157925
1.4209363927517304
1.4251811704409134
1.4609415189970145
1.4882453003221356
1.5039832332307974
1.5312870145559183
1.5670473631120194
1.571292140801203
1.59435114443714
1.5943511444371403
1.5943511444371403
1.5943511444371408
1.594351144437141
1.6343562706824226
1.6343562706824237
1.634356270682424
1.6343562706824244
1.6343562706824246
1.6574152743183628
1.661660052007545
1.6616600520075455
1.661660052007546
1.6616600520075464
1.6616600520075464
1.6847190556434837
1.6974204005636464
1.7033540793171797
1.7247241818887675
1.7306578606423004
1.7677658961225504
1.7706629868875838
1.8308300260037726
1.870835152249058
1.8767688310025898
1.898138933574178
1.9040726123277105
1.9398329608838119
1.9440777385729948
1.96713674220893
1.9671367422089319
1.9671367422089334
1.9671367422089336
1.9671367422089336
2.007141868454217
2.0101784564427154
2.034445649779338
2.050183582688
2.0732425863239383
2.113247712569221
2.140551493894339
2.140551493894342
2.1405514938943426
2.140551493894343
2.1405514938943435
2.1636104975302817
2.1763118424504433
2.1805566201396274
2.203615623775563
2.2036156237755637
2.2036156237755646
2.203615623775565
2.203615623775566
2.207860401464748
2.230919405100686
2.243620750020849
2.246657338009347
2.249554428774381
2.2709245313459703
2.276858210099503
2.3399223399807254
2.3770303754609765
2.382964054214508
2.4229691804597926
2.4400945053421967
2.44602818409573
2.4860333103410146
2.5133370916661337
2.513337091666135
2.5133370916661355
2.513337091666136
2.5133370916661364
2.5363960953020737
2.576401221547357
2.6194429357811386
2.61944293578114
2.61944293578114
2.619442935781141
2.619442935781141
2.6594480620264243
2.682507065662363
2.6867518433515456
2.7098108469874833
2.722512191907647
2.7498159732327654
2.7498159732327667
2.7498159732327676
2.7498159732327685
2.7498159732327703
2.755749651986302
2.772874976868705
2.7771197545578885
2.795754778231584
2.812880103113991
2.8188137818675223
2.8559218173477743
2.8861226894379275
2.986294854799401
2.9922285335529297
2.992228533552932
2.992228533552933
2.9922285335529333
2.9922285335529337
3.0322336597982167
3.0552926634341544
3.0595374411233385
3.082596444759276
3.0983343776679377
3.1226015710045605
3.128535249758093
3.165643285238343
3.1887022888742815
3.2287074151195605
3.2287074151195623
3.228707415119564
3.228707415119566
3.228707415119568
3.256011196444686
3.268712541364849
3.291771545000787
3.2960163226899706
3.319075326325909
3.3233201040150924
3.3590804525711935
3.3650141313247137
3.3650141313247244
3.3650141313247253
3.365014131324727
3.365014131324728
3.465186296686196
3.4711199754397297
3.5384288830101354
3.5614878866460726
3.601493012891354
3.6014930128913565
3.601493012891357
3.601493012891357
3.601493012891358
3.6287967942164783
3.6445347271251407
3.7075988570063627
3.734902638331484
3.7377997290965164
3.774907764576769
3.7979667682127056
3.802211545901889
3.837971894457989
3.8379718944579904
3.837971894457991
3.837971894457991
3.8379718944579926
3.843905573211523
3.8652756757831113
3.9112144807819273
3.934273484417866
3.97427861066315
4.017320324896933
4.07445077602462
4.080384454778156
4.107688236103277
4.14769336234856
4.170752365984498
4.174997143673681
4.210757492229782
4.213794080218281
4.2166911709833155
4.253799206463567
4.281102987788686
4.316863336344788
4.34416711766991
4.3841722439151924
4.390105922668726
4.407231247551129
4.411476025240314
4.447236373796414
4.453170052549948
4.480473833875068
4.586579677990073
4.626584804235358
4.653888585560478
4.6896489341165815
4.716952715441699
4.7599944296754835
4.762891520440515
4.8230585595567055
4.863063685801989
4.89036746712711
4.9261278156832145
4.953431597008333
4.959365275761865
4.999370402007151
5.026674183332272
5.132780027447275
5.195844157328496
5.235849283573781
5.23888587156228
5.263153064898902
5.3321508735336565
5.369258909013909
5.432323038895129
5.4723281651404125
5.499631946465534
5.5055656252190674
5.568629755100289
5.611671469334073
5.742044506785701
5.805108636666922
5.8481503509007045
5.878351222990861
5.97852338835233
5.984457067105866
6.041587518233552
6.114830104557494
6.220935948672499
6.351308986124132
6.357242664877657
6.457414830239133
6.587787867690756
6.593721546444288
6.730028262649449
6.830200428010922
6.966507144216081
7.066679309577554
7.202986025782715
7.439464907349347
7.675943788915981
