-6.8947736442042284
-6.729790603034692
-6.570720604975811
-6.451076261547888
-6.42182593656114
-6.291292494792108
-6.254885700759256
-6.151399736191115
-6.109837243084324
-6.031995559134905
-6.007780768387888
-5.968012256096438
-5.956029431692385
-5.875571494724071
-5.851041116188637
-5.767480016435821
-5.745908805088699
-5.692406048590678
-5.6426285253247705
-5.591086986491538
-5.568780550914007
-5.526138012288329
-5.508445875687932
-5.461505712970404
-5.410313433853346
-5.3942897879061595
-5.378670942228382
-5.36149323711803
-5.290597591520266
-5.2608910818478245
-5.252030895012514
-5.200746189517676
-5.1972037391751265
-5.1382106714331055
-5.12014442092117
-5.085089520478057
-5.041112792899555
-5.03368726789642
-5.000105412377537
-4.979631145819729
-4.930203270358793
-4.887761780270673
-4.859353190326502
-4.83886228454542
-4.8014934162241545
-4.792714251932308
-4.7611900967866925
-4.716744070532808
-4.688883970683263
-4.680356276909378
-4.661623316402034
-4.626977673861808
-4.622174334323352
-4.5886187801274945
-4.55672252804052
-4.530346645527935
-4.487525334171074
-4.466991689750357
-4.435744018605616
-4.391530929117269
-4.353417863731804
-4.315564973947227
-4.310563061469363
-4.298418172039879
-4.273824582248993
-4.244275488988841
-4.206371527271132
-4.1792389732887285
-4.167068997989514
-4.125115260631861
-4.11480681517963
-4.060911376923741
-4.044150823285819
-4.02678486627277
-4.0054477328627565
-3.9814563002007697
-3.9550186228817785
-3.9440737406748876
-3.934137140300363
-3.919761710693685
-3.874608853123895
-3.8693103888720954
-3.839847565215748
-3.8040723444865763
-3.781412412937778
-3.765957181784194
-3.749133391695029
-3.733195474317582
-3.701046153828127
-3.685772661295676
-3.666442317023179
-3.6359978811562788
-3.6142046183523484
-3.605316092658709
-3.575919334246452
-3.5702379323472537
-3.5563865304555544
-3.525799560407738
-3.5130157427087054
-3.4917457962213754
-3.4636930338968934
-3.436627074493106
-3.408167220463022
-3.395280917237815
-3.3901657572367263
-3.3642588881596738
-3.3498389184371224
-3.3305186140422145
-3.3233092875002437
-3.3047391755448
-3.296060319675508
-3.2750128452707554
-3.260654434443735
-3.249251486073199
-3.234230176238539
-3.2014520220150287
-3.194593373610254
-3.169991660788343
-3.1469246275196947
-3.137886984526876
-3.12461127893372
-3.0897147695524536
-3.0765085941276493
-3.065349038409203
-3.0479178438564705
-3.034440808810741
-3.0128445022076744
-2.999323781332597
-2.988192259888575
-2.961711611149713
-2.9426817408761354
-2.9355195844552644
-2.9223581064413544
-2.890136482549271
-2.874721540854368
-2.862491464730829
-2.838406296423183
-2.835250759525203
-2.8328462846417453
-2.8150593284671985
-2.8073138295373017
-2.7849912146694824
-2.761837381866448
-2.7560961762236325
-2.748563635404388
-2.7391225638985666
-2.7277976334186107
-2.704058019454227
-2.6952498683540878
-2.6801953745900473
-2.6571642196027745
-2.644180036286061
-2.6396790183115737
-2.625555099143319
-2.6084579201661358
-2.585474175844028
-2.5784836942825944
-2.5670154287725353
-2.5406740453201557
-2.5255536927303592
-2.51334038125073
-2.4963202739309143
-2.4863351517895733
-2.4672077759827493
-2.4639634713021725
-2.45080685540369
-2.4221273365883356
-2.4155759858513193
-2.4026232768747997
-2.3794855976723275
-2.3724212733817995
-2.3474869867682453
-2.32789936569867
-2.320299046308204
-2.3135169893615464
-2.309437848599671
-2.286222355843351
-2.270700931201564
-2.25423133319964
-2.2384390645743477
-2.232912914183027
-2.220370479359052
-2.2061392604251333
-2.1974685886897594
-2.167776676264728
-2.1604550191892677
-2.136781662143769
-2.1232056147686924
-2.1131437803885684
-2.097377661433929
-2.091800774522303
-2.0696787751534433
-2.063484549263808
-2.0371808067976174
-2.022613328806637
-2.014607347661627
-2.0038263903446945
-1.9868009968321647
-1.9694752240192126
-1.969071505504892
-1.9508966052997998
-1.9213490462249003
-1.9196593501754404
-1.907545351469194
-1.8879864416224585
-1.8854707508321462
-1.8761557750893583
-1.8639588268656797
-1.848630422199067
-1.8375801720831144
-1.8224969422434545
-1.8119366663290033
-1.8093151466244426
-1.7976965922825672
-1.7813661804091412
-1.758320602918265
-1.7536095476025566
-1.729143738912258
-1.7171260691119317
-1.6997148326375133
-1.688714111389617
-1.6733446736562358
-1.6599886092046832
-1.6567498634637814
-1.642447839259081
-1.6196684190132626
-1.6167385120803826
-1.6036480434491478
-1.581742243289606
-1.5704342554238182
-1.558651564824872
-1.548433542087583
-1.533714001997555
-1.5232030046265719
-1.5106519485698857
-1.4904979490191121
-1.483315119387127
-1.4621258607553873
-1.4528212739853914
-1.4373563738936257
-1.4285453127990988
-1.420380525570005
-1.4044783131517304
-1.386947381039941
-1.3655064052645525
-1.3508572796804081
-1.3351704318834636
-1.3271280467341584
-1.318294363648382
-1.3110475506085766
-1.294237709275088
-1.2824268939467247
-1.2741044345340389
-1.260869187783012
-1.2443450071036928
-1.2381276727197585
-1.2273582908536729
-1.195247642331581
-1.1843134607067913
-1.1784153033712408
-1.1620196709728046
-1.142974439004228
-1.1261455357246046
-1.117337029107476
-1.0963170810949474
-1.0940153585868564
-1.0837458700797193
-1.069666546238847
-1.0565094317079318
-1.0464005589076617
-1.0162924229687857
-1.0075484322549904
-0.9961648467252983
-0.9779213817846261
-0.9734222377690666
-0.9565822124030406
-0.948768020304235
-0.9365130446555706
-0.9308019716056455
-0.9050972666308889
-0.8889625893184661
-0.8716846727547981
-0.8619891373267335
-0.8538381252498667
-0.836710309264314
-0.8333877002997079
-0.823868269334149
-0.8065597869486584
-0.7908845503422823
-0.7713105459267618
-0.7646241354241948
-0.7472367293363282
-0.7390090319983947
-0.7159298630859755
-0.7119909884104146
-0.6931378032292698
-0.6897065853654976
-0.686330188407144
-0.6801816707684956
-0.6663504801513374
-0.6543557149342587
-0.6424979690589854
-0.6314354730071933
-0.6123922406926152
-0.6047291208455271
-0.5916041625586805
-0.5813379746500066
-0.571562791397195
-0.5632662408799348
-0.5544311846566716
-0.543383400510782
-0.5283386759694649
-0.5086756940407178
-0.4935236150278417
-0.4909999253337168
-0.4894353451986154
-0.45948468294017814
-0.44470645584885976
-0.4353175724626022
-0.41461198912180663
-0.4076603012332888
-0.401132184025993
-0.39446418850932086
-0.38349067008003646
-0.37471561566652506
-0.34619816332853165
-0.3414960628576482
-0.3231604059235172
-0.3219723917574265
-0.3110161116549676
-0.29539777815799173
-0.2831887780930176
-0.27241602567683676
-0.26094749281679314
-0.25579154936579357
-0.24692147796814667
-0.24026980485729327
-0.2319993180029754
-0.2295015026755273
-0.2052522626027938
-0.19858685836819664
-0.18854649055353784
-0.1694012893866763
-0.14976361607650637
-0.1436588138281702
-0.11101804570057545
-0.1077461506802113
-0.09801668985184325
-0.07729092047192233
-0.07039029131617061
-1.1252893066876682e-15
-7.868368798946981e-16
-7.079883139295298e-16
-3.538770922092661e-16
-3.443281098059725e-16
-2.2943582697291196e-17
4.315124881241341e-17
9.52957734385796e-17
1.8735023557649502e-16
2.670164863265117e-16
4.259081518157177e-16
4.882093261763813e-16
6.503433687373825e-16
8.601902481943293e-16
1.6003445832685478e-15
0.07039029131616989
0.07729092047192243
0.09801668985184288
0.10774615068021055
0.11101804570057476
0.1436588138281699
0.14976361607650598
0.16940128938667634
0.18854649055353728
0.19858685836819573
0.2052522626027937
0.22950150267552744
0.23199931800297502
0.2402698048572928
0.2469214779681467
0.2557915493657938
0.2609474928167925
0.2724160256768364
0.2831887780930172
0.29539777815799156
0.31101611165496706
0.3219723917574262
0.3231604059235169
0.34149606285764755
0.34619816332853165
0.3747156156665243
0.3834906700800361
0.3944641885093208
0.4011321840259927
0.40766030123328895
0.41461198912180647
0.435317572462602
0.44470645584885954
0.4594846829401772
0.48943534519861503
0.4909999253337168
0.49352361502784153
0.5086756940407176
0.5283386759694645
0.5433834005107819
0.5544311846566713
0.5632662408799344
0.5715627913971949
0.5813379746500069
0.5916041625586802
0.6047291208455265
0.6123922406926153
0.6314354730071928
0.6424979690589847
0.6543557149342584
0.6663504801513369
0.6801816707684956
0.6863301884071441
0.6897065853654977
0.6931378032292694
0.7119909884104144
0.7159298630859756
0.7390090319983947
0.7472367293363285
0.7646241354241947
0.7713105459267622
0.7908845503422827
0.8065597869486585
0.823868269334149
0.8333877002997077
0.8367103092643141
0.8538381252498671
0.8619891373267335
0.8716846727547983
0.8889625893184661
0.9050972666308889
0.9308019716056453
0.9365130446555703
0.9487680203042346
0.9565822124030402
0.9734222377690661
0.9779213817846262
0.9961648467252986
1.0075484322549904
1.016292422968785
1.0464005589076617
1.0565094317079318
1.0696665462388473
1.0837458700797193
1.0940153585868564
1.0963170810949479
1.1173370291074762
1.1261455357246049
1.1429744390042285
1.1620196709728052
1.1784153033712412
1.1843134607067918
1.195247642331581
1.2273582908536727
1.2381276727197588
1.2443450071036934
1.260869187783013
1.274104434534039
1.282426893946725
1.294237709275088
1.3110475506085766
1.3182943636483808
1.3271280467341586
1.3351704318834634
1.3508572796804081
1.365506405264552
1.3869473810399404
1.4044783131517307
1.4203805255700046
1.4285453127990988
1.4373563738936248
1.4528212739853916
1.462125860755387
1.4833151193871263
1.4904979490191121
1.5106519485698846
1.5232030046265719
1.5337140019975553
1.5484335420875832
1.5586515648248722
1.5704342554238182
1.5817422432896056
1.6036480434491482
1.6167385120803823
1.6196684190132633
1.6424478392590813
1.6567498634637812
1.6599886092046832
1.6733446736562356
1.6887141113896178
1.6997148326375136
1.7171260691119317
1.729143738912258
1.7536095476025562
1.7583206029182654
1.7813661804091405
1.7976965922825676
1.8093151466244441
1.8119366663290033
1.822496942243455
1.8375801720831144
1.8486304221990677
1.8639588268656802
1.8761557750893587
1.8854707508321467
1.8879864416224585
1.9075453514691942
1.9196593501754409
1.9213490462249012
1.9508966052997998
1.969071505504892
1.969475224019213
1.986800996832165
2.003826390344694
2.0146073476616264
2.0226133288066364
2.0371808067976174
2.0634845492638076
2.069678775153444
2.0918007745223024
2.0973776614339283
2.1131437803885684
2.123205614768692
2.136781662143769
2.1604550191892677
2.1677766762647286
2.1974685886897594
2.2061392604251333
2.220370479359052
2.232912914183027
2.2384390645743477
2.25423133319964
2.270700931201564
2.2862223558433508
2.3094378485996714
2.3135169893615464
2.3202990463082034
2.32789936569867
2.3474869867682457
2.372421273381799
2.3794855976723275
2.4026232768748006
2.4155759858513184
2.4221273365883356
2.450806855403689
2.463963471302173
2.4672077759827493
2.4863351517895738
2.496320273930914
2.5133403812507296
2.5255536927303592
2.5406740453201557
2.567015428772534
2.5784836942825957
2.5854741758440283
2.6084579201661358
2.6255550991433187
2.6396790183115737
2.644180036286061
2.6571642196027745
2.6801953745900473
2.695249868354088
2.704058019454227
2.727797633418611
2.7391225638985666
2.7485636354043876
2.7560961762236333
2.7618373818664494
2.7849912146694824
2.8073138295373012
2.815059328467199
2.8328462846417453
2.8352507595252012
2.838406296423183
2.862491464730829
2.8747215408543676
2.8901364825492712
2.9223581064413553
2.9355195844552653
2.9426817408761345
2.9617116111497124
2.988192259888575
2.9993237813325972
3.0128445022076744
3.0344408088107406
3.0479178438564705
3.065349038409203
3.0765085941276484
3.089714769552453
3.12461127893372
3.137886984526878
3.146924627519694
3.169991660788343
3.194593373610254
3.2014520220150287
3.2342301762385377
3.2492514860732
3.2606544344437345
3.275012845270755
3.2960603196755085
3.3047391755447997
3.323309287500244
3.330518614042215
3.3498389184371233
3.364258888159674
3.3901657572367268
3.3952809172378147
3.408167220463021
3.4366270744931056
3.4636930338968925
3.4917457962213754
3.5130157427087054
3.5257995604077377
3.5563865304555535
3.570237932347253
3.5759193342464513
3.605316092658708
3.6142046183523475
3.6359978811562783
3.666442317023179
3.685772661295676
3.7010461538281274
3.733195474317583
3.74913339169503
3.765957181784194
3.781412412937778
3.8040723444865763
3.839847565215748
3.8693103888720954
3.874608853123895
3.919761710693684
3.9341371403003613
3.9440737406748867
3.9550186228817785
3.9814563002007706
4.0054477328627565
4.026784866272772
4.044150823285819
4.060911376923741
4.114806815179631
4.125115260631861
4.167068997989515
4.1792389732887285
4.206371527271132
4.244275488988842
4.273824582248994
4.298418172039879
4.310563061469363
4.315564973947227
4.353417863731804
4.39153092911727
4.435744018605617
4.466991689750358
4.487525334171075
4.530346645527936
4.556722528040521
4.5886187801274945
4.622174334323351
4.626977673861809
4.661623316402034
4.680356276909378
4.688883970683264
4.716744070532808
4.761190096786692
4.792714251932309
4.801493416224148
4.838862284545419
4.859353190326502
4.887761780270673
4.930203270358792
4.979631145819729
5.000105412377538
5.033687267896421
5.041112792899556
5.085089520478057
5.12014442092117
5.138210671433105
5.1972037391751265
5.200746189517676
5.252030895012513
5.260891081847825
5.2905975915202665
5.361493237118031
5.378670942228384
5.39428978790616
5.4103134338533465
5.461505712970405
5.508445875687933
5.526138012288329
5.568780550914007
5.591086986491537
5.6426285253247705
5.692406048590676
5.745908805088698
5.76748001643582
5.851041116188637
5.8755714947240705
5.956029431692385
5.968012256096437
6.007780768387888
6.031995559134906
6.109837243084323
6.151399736191114
6.2548857007592575
6.291292494792107
6.421825936561139
6.45107626154789
6.5707206049758105
6.729790603034692
6.8947736442042284
